13218, 0.019399, 
13220, 0.039383, 
13224, 0.059223, 
13226, 0.079316, 
13230, 0.099205, 
13233, 0.118998, 
13236, 0.138854, 
13239, 0.158733, 
13243, 0.178359, 
13245, 0.197858, 
13249, 0.217619, 
13251, 0.237180, 
13255, 0.256442, 
13258, 0.275822, 
13262, 0.295083, 
13264, 0.313953, 
13268, 0.332100, 
13270, 0.350392, 
13274, 0.368969, 
13277, 0.387677, 
13280, 0.406207, 
13283, 0.424623, 
13287, 0.442597, 
13289, 0.460648, 
13293, 0.478424, 
13296, 0.496011, 
13299, 0.513372, 
13302, 0.530649, 
13306, 0.547547, 
13308, 0.564373, 
13311, 0.581130, 
13314, 0.597437, 
13317, 0.613452, 
13321, 0.629314, 
13323, 0.644535, 
13327, 0.659116, 
13329, 0.674158, 
13333, 0.688878, 
13336, 0.703549, 
13340, 0.717835, 
13342, 0.731892, 
13346, 0.745662, 
13348, 0.759246, 
13352, 0.772440, 
13355, 0.785351, 
13358, 0.797944, 
13361, 0.810167, 
13365, 0.822025, 
13367, 0.833853, 
13371, 0.845064, 
13373, 0.855877, 
13377, 0.866562, 
13380, 0.877062, 
13384, 0.886714, 
13386, 0.896029, 
13390, 0.905184, 
13392, 0.914191, 
13396, 0.922739, 
13399, 0.930994, 
13403, 0.938831, 
13405, 0.946437, 
13407, 0.953616, 
13411, 0.960649, 
13414, 0.966818, 
13418, 0.972765, 
13420, 0.978554, 
13424, 0.983857, 
13426, 0.988779, 
13430, 0.993249, 
13433, 0.997162, 
13436, 1.000812, 
13439, 1.004129, 
13443, 1.006992, 
13445, 1.009757, 
13449, 1.012151, 
13451, 1.013843, 
13455, 1.015005, 
13458, 1.016081, 
13462, 1.016931, 
13464, 1.017205, 
13468, 1.016930, 
13470, 1.016572, 
13474, 1.015707, 
13477, 1.014513, 
13480, 1.012612, 
13483, 1.010540, 
13487, 1.008058, 
13489, 1.005297, 
13493, 1.001881, 
13496, 0.998055, 
13499, 0.994338, 
13502, 0.990064, 
13504, 0.985112, 
13508, 0.979884, 
13511, 0.974454, 
13514, 0.968470, 
13517, 0.962174, 
13521, 0.955595, 
13523, 0.948343, 
13527, 0.940722, 
13529, 0.933400, 
13533, 0.925231, 
13536, 0.916568, 
13540, 0.907687, 
13542, 0.898522, 
13546, 0.888986, 
13548, 0.879196, 
13552, 0.868808, 
13555, 0.858501, 
13558, 0.848226, 
13561, 0.837114, 
13565, 0.825292, 
13567, 0.813485, 
13571, 0.801323, 
13573, 0.788990, 
13577, 0.776121, 
13580, 0.763025, 
13584, 0.749682, 
13586, 0.735994, 
13590, 0.721907, 
13592, 0.707808, 
13596, 0.693140, 
13599, 0.678453, 
13602, 0.663656, 
13605, 0.648175, 
13607, 0.632606, 
13611, 0.617299, 
13614, 0.601842, 
13618, 0.585617, 
13620, 0.569153, 
13624, 0.552229, 
13626, 0.535247, 
13630, 0.518125, 
13633, 0.501004, 
13636, 0.483320, 
13639, 0.465495, 
13643, 0.447699, 
13645, 0.429690, 
13649, 0.411285, 
13651, 0.392928, 
13655, 0.374219, 
13658, 0.355460, 
13662, 0.336826, 
13664, 0.317962, 
13668, 0.298834, 
13670, 0.280671, 
13674, 0.261937, 
13677, 0.242509, 
13680, 0.223048, 
13683, 0.203494, 
13687, 0.183727, 
13689, 0.164258, 
13693, 0.144444, 
13695, 0.124621, 
13699, 0.104716, 
13702, 0.084808, 
13704, 0.064916, 
13708, 0.044980, 
13711, 0.024952, 
13714, 0.005131, 
13717, -0.014631, 
13721, -0.034430, 
13723, -0.054421, 
13727, -0.073955, 
13729, -0.092863, 
13733, -0.112574, 
13736, -0.132348, 
13740, -0.152036, 
13742, -0.171488, 
13746, -0.191130, 
13748, -0.210606, 
13752, -0.229988, 
13755, -0.249308, 
13758, -0.268649, 
13761, -0.287585, 
13765, -0.306565, 
13767, -0.325537, 
13771, -0.344125, 
13773, -0.362817, 
13777, -0.381269, 
13780, -0.399411, 
13784, -0.417444, 
13786, -0.434625, 
13790, -0.452038, 
13792, -0.469769, 
13796, -0.487427, 
13799, -0.504612, 
13801, -0.521552, 
13805, -0.538595, 
13807, -0.555404, 
13811, -0.571839, 
13814, -0.588094, 
13818, -0.604275, 
13820, -0.620151, 
13824, -0.635875, 
13826, -0.651346, 
13830, -0.666568, 
13833, -0.681398, 
13836, -0.696179, 
13839, -0.710532, 
13843, -0.724186, 
13845, -0.737510, 
13849, -0.751110, 
13851, -0.764384, 
13855, -0.777331, 
13858, -0.790075, 
13862, -0.802667, 
13864, -0.814976, 
13868, -0.826882, 
13870, -0.838258, 
13874, -0.849405, 
13877, -0.860325, 
13880, -0.870999, 
13883, -0.881286, 
13887, -0.890886, 
13889, -0.900302, 
13893, -0.909457, 
13896, -0.918259, 
13898, -0.926500, 
13902, -0.934105, 
13904, -0.941589, 
13908, -0.948805, 
13911, -0.955600, 
13914, -0.962180, 
13917, -0.968319, 
13921, -0.974017, 
13923, -0.979375, 
13927, -0.983496, 
13929, -0.985000, 
13933, -0.985272, 
13936, -0.985365, 
13940, -0.985406, 
13942, -0.985417, 
13946, -0.985422, 
13948, -0.985422, 
13952, -0.985429, 
13955, -0.985448, 
13958, -0.985450, 
13961, -0.985448, 
13965, -0.985465, 
13967, -0.985453, 
13971, -0.985471, 
13973, -0.985480, 
13977, -0.985456, 
13980, -0.985433, 
13984, -0.985421, 
13986, -0.985423, 
13990, -0.985408, 
13992, -0.985365, 
13995, -0.985307, 
13999, -0.985129, 
14001, -0.984149, 
14005, -0.980763, 
14007, -0.975740, 
14011, -0.970097, 
14014, -0.964114, 
14018, -0.958130, 
14020, -0.951590, 
14024, -0.944322, 
14026, -0.936905, 
14030, -0.929113, 
14033, -0.920711, 
14036, -0.911933, 
14039, -0.902803, 
14043, -0.893464, 
14045, -0.883993, 
14049, -0.874036, 
14051, -0.863556, 
14055, -0.852657, 
14058, -0.841450, 
14062, -0.830148, 
14064, -0.818291, 
14068, -0.806307, 
14070, -0.793920, 
14074, -0.781574, 
14077, -0.768867, 
14080, -0.755801, 
14083, -0.742330, 
14087, -0.728337, 
14089, -0.714253, 
14092, -0.699918, 
14096, -0.685329, 
14098, -0.670757, 
14102, -0.655573, 
14104, -0.639982, 
14108, -0.624481, 
14111, -0.608538, 
14114, -0.592684, 
14117, -0.576580, 
14121, -0.560147, 
14123, -0.543508, 
14127, -0.526731, 
14129, -0.510101, 
14133, -0.493589, 
14136, -0.476316, 
14140, -0.458569, 
14142, -0.440670, 
14146, -0.422908, 
14148, -0.404848, 
14152, -0.386541, 
14155, -0.368052, 
14158, -0.349487, 
14161, -0.330940, 
14165, -0.311991, 
14167, -0.292835, 
14171, -0.273943, 
14173, -0.254872, 
14177, -0.235744, 
14180, -0.216177, 
14184, -0.196559, 
14186, -0.177338, 
14189, -0.158789, 
14192, -0.139521, 
14195, -0.119711, 
14199, -0.099922, 
14201, -0.080096, 
14205, -0.060303, 
14207, -0.040382, 
14211, -0.020397, 
14214, -0.000531, 
14218, 0.019183, 
14220, 0.039188, 
14224, 0.059091, 
14226, 0.078936, 
14230, 0.098891, 
14233, 0.118792, 
14236, 0.138615, 
14239, 0.158462, 
14243, 0.178042, 
14245, 0.197061, 
14249, 0.215927, 
14251, 0.235431, 
14255, 0.254773, 
14258, 0.274153, 
14262, 0.293233, 
14264, 0.312152, 
14268, 0.331312, 
14270, 0.350299, 
14274, 0.368797, 
14277, 0.387501, 
14280, 0.405997, 
14283, 0.424348, 
14287, 0.442424, 
14289, 0.460511, 
14292, 0.478353, 
14296, 0.495838, 
14298, 0.513263, 
14302, 0.530209, 
14304, 0.546336, 
14308, 0.562898, 
14311, 0.579662, 
14314, 0.595853, 
14317, 0.612078, 
14321, 0.628127, 
14323, 0.643632, 
14327, 0.658849, 
14329, 0.673918, 
14333, 0.688684, 
14336, 0.703437, 
14340, 0.717649, 
14342, 0.731802, 
14346, 0.745665, 
14348, 0.759226, 
14352, 0.772289, 
14355, 0.785385, 
14358, 0.797735, 
14361, 0.809512, 
14365, 0.821137, 
14367, 0.833027, 
14371, 0.844318, 
14373, 0.855082, 
14377, 0.865707, 
14380, 0.876253, 
14384, 0.886214, 
14386, 0.895903, 
14389, 0.905288, 
14392, 0.914295, 
14395, 0.922872, 
14399, 0.931180, 
14401, 0.938989, 
14405, 0.946379, 
14407, 0.953589, 
14411, 0.960386, 
14414, 0.966860, 
14418, 0.972722, 
14420, 0.978349, 
14424, 0.983540, 
14426, 0.988388, 
14430, 0.992930, 
14433, 0.997091, 
14436, 1.000695, 
14439, 1.004162, 
14443, 1.007127, 
14445, 1.009819, 
14449, 1.012115, 
14451, 1.014055, 
14455, 1.015241, 
14458, 1.016178, 
14462, 1.016787, 
14464, 1.016913, 
14468, 1.016843, 
14470, 1.016491, 
14474, 1.015549, 
14477, 1.014422, 
14480, 1.012822, 
14483, 1.010871, 
14487, 1.008256, 
14489, 1.005399, 
14492, 1.002105, 
14495, 0.998482, 
14498, 0.994538, 
14502, 0.990095, 
14504, 0.985220, 
14508, 0.980019, 
14511, 0.974572, 
14514, 0.968553, 
14517, 0.962357, 
14521, 0.955727, 
14523, 0.948546, 
14527, 0.941005, 
14529, 0.933396, 
14533, 0.925527, 
14536, 0.917369, 
14540, 0.908548, 
14542, 0.899462, 
14546, 0.889857, 
14548, 0.879982, 
14552, 0.869717, 
14555, 0.859207, 
14558, 0.848310, 
14561, 0.837270, 
14565, 0.825589, 
14567, 0.813690, 
14571, 0.801576, 
14573, 0.789180, 
14577, 0.776241, 
14580, 0.763105, 
14584, 0.749846, 
14586, 0.735999, 
14589, 0.721891, 
14592, 0.708464, 
14595, 0.694439, 
14599, 0.679628, 
14601, 0.664779, 
14605, 0.649424, 
14607, 0.633796, 
14611, 0.618054, 
14614, 0.602107, 
14618, 0.585684, 
14620, 0.568954, 
14624, 0.552234, 
14626, 0.535338, 
14630, 0.518169, 
14633, 0.500908, 
14636, 0.483394, 
14639, 0.465690, 
14643, 0.447766, 
14645, 0.429724, 
14649, 0.412021, 
14651, 0.394422, 
14655, 0.375782, 
14658, 0.356989, 
14662, 0.338334, 
14664, 0.319412, 
14668, 0.300187, 
14670, 0.281371, 
14674, 0.262045, 
14677, 0.242521, 
14680, 0.223012, 
14683, 0.203433, 
14685, 0.183790, 
14689, 0.164084, 
14692, 0.144476, 
14695, 0.124455, 
14698, 0.104617, 
14702, 0.084840, 
14704, 0.065089, 
14708, 0.045920, 
14711, 0.026454, 
14714, 0.006566, 
14717, -0.013083, 
14721, -0.032887, 
14723, -0.052949, 
14727, -0.072843, 
14729, -0.092494, 
14733, -0.112417, 
14736, -0.132201, 
14740, -0.152023, 
14742, -0.171423, 
14746, -0.191083, 
14748, -0.210520, 
14752, -0.229877, 
14755, -0.249241, 
14758, -0.268461, 
14761, -0.287369, 
14765, -0.305732, 
14767, -0.324050, 
14771, -0.342766, 
14773, -0.361243, 
14777, -0.379788, 
14780, -0.398067, 
14784, -0.416111, 
14786, -0.434231, 
14788, -0.452099, 
14792, -0.469637, 
14795, -0.487287, 
14799, -0.504622, 
14801, -0.521640, 
14805, -0.538536, 
14807, -0.555343, 
14811, -0.571880, 
14814, -0.588140, 
14818, -0.604326, 
14820, -0.620013, 
14824, -0.634897, 
14826, -0.650243, 
14830, -0.665494, 
14833, -0.680283, 
14836, -0.695016, 
14839, -0.709425, 
14843, -0.723445, 
14845, -0.737507, 
14849, -0.751215, 
14851, -0.764308, 
14855, -0.777411, 
14858, -0.790257, 
14862, -0.802721, 
14864, -0.815046, 
14868, -0.826930, 
14870, -0.838306, 
14874, -0.849533, 
14877, -0.860318, 
14880, -0.870406, 
14883, -0.880421, 
14885, -0.890303, 
14889, -0.899766, 
14892, -0.908808, 
14895, -0.917697, 
14898, -0.926124, 
14902, -0.934143, 
14904, -0.941723, 
14908, -0.948993, 
14911, -0.955794, 
14914, -0.962292, 
14917, -0.968358, 
14921, -0.974145, 
14923, -0.979435, 
14927, -0.983444, 
14929, -0.984993, 
14933, -0.985282, 
14936, -0.985379, 
14940, -0.985408, 
14942, -0.985398, 
14946, -0.985408, 
14948, -0.985444, 
14952, -0.985468, 
14955, -0.985481, 
14958, -0.985465, 
14961, -0.985465, 
14965, -0.985461, 
14967, -0.985446, 
14971, -0.985454, 
14973, -0.985458, 
14977, -0.985455, 
14980, -0.985455, 
14982, -0.985442, 
14986, -0.985428, 
14989, -0.985413, 
14992, -0.985369, 
14995, -0.985290, 
14999, -0.985122, 
15001, -0.984237, 
15005, -0.981273, 
15007, -0.976234, 
15011, -0.970556, 
15014, -0.964618, 
15018, -0.958292, 
15020, -0.951534, 
15024, -0.944482, 
15026, -0.936998, 
15030, -0.929080, 
15033, -0.920721, 
15036, -0.912157, 
15039, -0.903069, 
15043, -0.893690, 
15045, -0.884104, 
15049, -0.873975, 
15051, -0.863719, 
15055, -0.853618, 
15058, -0.842658, 
15062, -0.831231, 
15064, -0.819333, 
15068, -0.807337, 
15070, -0.794829, 
15074, -0.782067, 
15077, -0.769107, 
15079, -0.755896, 
15083, -0.742191, 
15085, -0.728471, 
15089, -0.714388, 
15092, -0.700071, 
15096, -0.685471, 
15098, -0.670726, 
15102, -0.655701, 
15104, -0.640251, 
15108, -0.624788, 
15111, -0.609545, 
15114, -0.593962, 
15117, -0.577852, 
15121, -0.561461, 
15123, -0.544812, 
15127, -0.527947, 
15129, -0.510901, 
15133, -0.493689, 
15136, -0.476213, 
15140, -0.458657, 
15142, -0.440755, 
15146, -0.422821, 
15148, -0.404823, 
15152, -0.386515, 
15155, -0.368019, 
15158, -0.349487, 
15161, -0.330934, 
15165, -0.312214, 
15167, -0.293778, 
15171, -0.275372, 
15174, -0.256364, 
15176, -0.237227, 
15180, -0.217720, 
15182, -0.198117, 
15186, -0.178677, 
15189, -0.159149, 
15192, -0.139501, 
15195, -0.119731, 
15199, -0.099835, 
15201, -0.079916, 
15205, -0.060316, 
15207, -0.040376, 
15211, -0.020475, 
15214, -0.000662, 
