Time Card Type Temperature channel 2
2022-08-11 10:51:03.778367 3 5.988251e-38 (1, 0, 2, 5.988251e-38, 5.988251e-38)

2022-08-11 10:51:03.778367 3 3.8324807e-36 (1, 0, 2, 3.8324807e-36, 3.8324807e-36)

2022-08-11 10:51:03.778367 3 3.8324807e-36 (1, 0, 2, 3.8324807e-36, 3.8324807e-36)

2022-08-11 10:51:03.778367 3 3.8324807e-36 (1, 0, 2, 3.8324807e-36, 3.8324807e-36)

2022-08-11 10:51:03.778367 3 3.8324807e-36 (1, 0, 2, 3.8324807e-36, 3.8324807e-36)

2022-08-11 10:51:03.778367 3 3.8324807e-36 (1, 0, 2, 3.8324807e-36, 3.8324807e-36)

2022-08-11 10:51:03.778367 3 3.8324807e-36 (1, 0, 2, 3.8324807e-36, 3.8324807e-36)

2022-08-11 10:51:03.778367 3 3.8324807e-36 (1, 0, 2, 3.8324807e-36, 3.8324807e-36)

2022-08-11 10:51:03.778367 3 3.8324807e-36 (1, 0, 2, 3.8324807e-36, 3.8324807e-36)

2022-08-11 10:51:03.778367 3 3.8324807e-36 (1, 0, 2, 3.8324807e-36, 3.8324807e-36)

